# 1:t 2:pos.x 3:pos.y 4:pos.z 5:volume 6:rho 7:vel.x 8:vel.y 9:vel.z 10:p 11:a 12:mu 13:k 14:mu_t 15:k_t 16:S 17:massf[0]-air 18:u 19:T 
1.020505284752643910e-04 4.513131659738738310e-01 1.017269594320549253e-01 0.000000000000000000e+00 5.566369880315044866e-05 6.823215558577450102e-02 1.860606535560756225e-02 3.846465174200940432e-03 0.000000000000000000e+00 5.955365017068264933e+03 3.495615567046387469e+02 1.865807420693115767e-05 2.655650907319743667e-02 0.000000000000000000e+00 0.000000000000000000e+00 0.000000000000000000e+00 1.000000000000000000e+00 2.182022891531614005e+05 3.040053253348929729e+02
2.041010569505100796e-04 4.513131659738738310e-01 1.017269594320549253e-01 0.000000000000000000e+00 5.566369880315044866e-05 3.234174331053126794e-01 9.795479375865812699e+02 2.770041907159454126e+02 0.000000000000000000e+00 1.171037878852819995e+05 7.119799709692832721e+02 1.865807420693115767e-05 2.655650907319743667e-02 0.000000000000000000e+00 0.000000000000000000e+00 1.000000000000000000e+00 1.000000000000000000e+00 9.052062126096813008e+05 1.261157755161824980e+03
3.001486131624034738e-04 4.513131659738738310e-01 1.017269594320549253e-01 0.000000000000000000e+00 5.566369880315044866e-05 3.731166662472434337e-01 8.842617379966111457e+02 2.796680143648839589e+02 0.000000000000000000e+00 1.369601542074837198e+05 7.168673682826212143e+02 1.865807420693115767e-05 2.655650907319743667e-02 0.000000000000000000e+00 0.000000000000000000e+00 0.000000000000000000e+00 1.000000000000000000e+00 9.176764709079486784e+05 1.278531655984258350e+03
4.021991416365935153e-04 4.513131659738738310e-01 1.017269594320549253e-01 0.000000000000000000e+00 5.566369880315044866e-05 3.914384646304345239e-01 8.560117422177784192e+02 2.762300037028287534e+02 0.000000000000000000e+00 1.390027852758694207e+05 7.050891300544020623e+02 1.865807420693115767e-05 2.655650907319743667e-02 0.000000000000000000e+00 0.000000000000000000e+00 0.000000000000000000e+00 1.000000000000000000e+00 8.877690737872743048e+05 1.236863862182111006e+03
5.042496701033047845e-04 4.513131659738738310e-01 1.017269594320549253e-01 0.000000000000000000e+00 5.566369880315044866e-05 3.960192664630812209e-01 8.317237316966063645e+02 2.681326237485751562e+02 0.000000000000000000e+00 1.411887704998466070e+05 7.064898690178646348e+02 1.865807420693115767e-05 2.655650907319743667e-02 0.000000000000000000e+00 0.000000000000000000e+00 0.000000000000000000e+00 1.000000000000000000e+00 8.912998839729992906e+05 1.241783082339575230e+03
6.002972262867727017e-04 4.513131659738738310e-01 1.017269594320549253e-01 0.000000000000000000e+00 5.566369880315044866e-05 3.989880515070192701e-01 8.208882629891720626e+02 2.657487303192734203e+02 0.000000000000000000e+00 1.428424680199270952e+05 7.079665611157071226e+02 1.865807420693115767e-05 2.655650907319743667e-02 0.000000000000000000e+00 0.000000000000000000e+00 0.000000000000000000e+00 1.000000000000000000e+00 8.950297351035717875e+05 1.246979611719725426e+03
7.023477547126981283e-04 4.513131659738738310e-01 1.017269594320549253e-01 0.000000000000000000e+00 5.566369880315044866e-05 4.025434292075039666e-01 8.089669695669864495e+02 2.621556336051221479e+02 0.000000000000000000e+00 1.445341812945935817e+05 7.089946045878966743e+02 1.865807420693115767e-05 2.655650907319743667e-02 0.000000000000000000e+00 0.000000000000000000e+00 0.000000000000000000e+00 1.000000000000000000e+00 8.976309809549069032e+05 1.250603737728578153e+03
8.043982831339970474e-04 4.513131659738738310e-01 1.017269594320549253e-01 0.000000000000000000e+00 5.566369880315044866e-05 4.060430901249932334e-01 8.015364573406276349e+02 2.599287683093489818e+02 0.000000000000000000e+00 1.462772484779352963e+05 7.101765813356498711e+02 1.865807420693115767e-05 2.655650907319743667e-02 0.000000000000000000e+00 0.000000000000000000e+00 0.000000000000000000e+00 1.000000000000000000e+00 9.006263869242697256e+05 1.254777018264544495e+03
9.004458393013708506e-04 4.513131659738738310e-01 1.017269594320549253e-01 0.000000000000000000e+00 5.566369880315044866e-05 4.088640016527784193e-01 7.946759989767916750e+02 2.581369488781040786e+02 0.000000000000000000e+00 1.477246515386022220e+05 7.112152618443319625e+02 1.865807420693115767e-05 2.655650907319743667e-02 0.000000000000000000e+00 0.000000000000000000e+00 0.000000000000000000e+00 1.000000000000000000e+00 9.032627655005389825e+05 1.258450092135103660e+03
1.002496367761118940e-03 4.513131659738738310e-01 1.017269594320549253e-01 0.000000000000000000e+00 5.566369880315044866e-05 4.114580393489598586e-01 7.895917600747576444e+02 2.566234408856750520e+02 0.000000000000000000e+00 1.490119505569042813e+05 7.120521326414547048e+02 1.865807420693115767e-05 2.655650907319743667e-02 0.000000000000000000e+00 0.000000000000000000e+00 0.000000000000000000e+00 1.000000000000000000e+00 9.053897135700782528e+05 1.261413413658265426e+03
1.104546896224802141e-03 4.513131659738738310e-01 1.017269594320549253e-01 0.000000000000000000e+00 5.566369880315044866e-05 4.133612841721236997e-01 7.848509973821853691e+02 2.553973747768319527e+02 0.000000000000000000e+00 1.499651511744192976e+05 7.126795445665768511e+02 1.865807420693115767e-05 2.655650907319743667e-02 0.000000000000000000e+00 0.000000000000000000e+00 0.000000000000000000e+00 1.000000000000000000e+00 9.069859522207562113e+05 1.263637336478666612e+03
1.200594452425388743e-03 4.513131659738738310e-01 1.017269594320549253e-01 0.000000000000000000e+00 5.566369880315044866e-05 4.149856785863754727e-01 7.818425159255259587e+02 2.546749445188522429e+02 0.000000000000000000e+00 1.508163477883033338e+05 7.132990950351380661e+02 1.865807420693115767e-05 2.655650907319743667e-02 0.000000000000000000e+00 0.000000000000000000e+00 0.000000000000000000e+00 1.000000000000000000e+00 9.085635696034766734e+05 1.265835315645380433e+03
1.302644980888582752e-03 4.513131659738738310e-01 1.017269594320549253e-01 0.000000000000000000e+00 5.566369880315044866e-05 4.161374604095540164e-01 7.793081568162615440e+02 2.538041101172719607e+02 0.000000000000000000e+00 1.513633512350921519e+05 7.136018691275319270e+02 1.865807420693115767e-05 2.655650907319743667e-02 0.000000000000000000e+00 0.000000000000000000e+00 0.000000000000000000e+00 1.000000000000000000e+00 9.093350493255488109e+05 1.266910162040475598e+03
1.404695509351796276e-03 4.513131659738738310e-01 1.017269594320549253e-01 0.000000000000000000e+00 5.566369880315044866e-05 4.178274719053929331e-01 7.766417410170965923e+02 2.529565969173133908e+02 0.000000000000000000e+00 1.522341444295232941e+05 7.142028150498688319e+02 1.865807420693115767e-05 2.655650907319743667e-02 0.000000000000000000e+00 0.000000000000000000e+00 0.000000000000000000e+00 1.000000000000000000e+00 9.108672518306378042e+05 1.269044867972509110e+03
1.500743065552515151e-03 4.513131659738738310e-01 1.017269594320549253e-01 0.000000000000000000e+00 5.566369880315044866e-05 4.181538654534108779e-01 7.757940300777531775e+02 2.529791673768422697e+02 0.000000000000000000e+00 1.523851568287814152e+05 7.142780315672283677e+02 1.865807420693115767e-05 2.655650907319743667e-02 0.000000000000000000e+00 0.000000000000000000e+00 0.000000000000000000e+00 1.000000000000000000e+00 9.110591185349188745e+05 1.269312181849381204e+03
1.602793594015688777e-03 4.513131659738738310e-01 1.017269594320549253e-01 0.000000000000000000e+00 5.566369880315044866e-05 4.184063184796809609e-01 7.750784078454613564e+02 2.529709132535261062e+02 0.000000000000000000e+00 1.525669696931348881e+05 7.144883647695171476e+02 1.865807420693115767e-05 2.655650907319743667e-02 0.000000000000000000e+00 0.000000000000000000e+00 0.000000000000000000e+00 1.000000000000000000e+00 9.115957560553904623e+05 1.270059839743489420e+03
1.704844122478883653e-03 4.513131659738738310e-01 1.017269594320549253e-01 0.000000000000000000e+00 5.566369880315044866e-05 4.198368739680202744e-01 7.741667257104614919e+02 2.518259864224608577e+02 0.000000000000000000e+00 1.532278413114610303e+05 7.148132096582505710e+02 1.865807420693115767e-05 2.655650907319743667e-02 0.000000000000000000e+00 0.000000000000000000e+00 0.000000000000000000e+00 1.000000000000000000e+00 9.124248655391610228e+05 1.271214977479808113e+03
1.800891678679650233e-03 4.513131659738738310e-01 1.017269594320549253e-01 0.000000000000000000e+00 5.566369880315044866e-05 4.195219791924071906e-01 7.739303359015476644e+02 2.529379171378567150e+02 0.000000000000000000e+00 1.531100577391297847e+05 7.148065419230969155e+02 1.865807420693115767e-05 2.655650907319743667e-02 0.000000000000000000e+00 0.000000000000000000e+00 0.000000000000000000e+00 1.000000000000000000e+00 9.124078435286716558e+05 1.271191261954839320e+03
1.902942207142908860e-03 4.513131659738738310e-01 1.017269594320549253e-01 0.000000000000000000e+00 5.566369880315044866e-05 4.186355712023440701e-01 7.738559924579247991e+02 2.525912566446373830e+02 0.000000000000000000e+00 1.526066899727494165e+05 7.143856800958138820e+02 1.865807420693115767e-05 2.655650907319743667e-02 0.000000000000000000e+00 0.000000000000000000e+00 0.000000000000000000e+00 1.000000000000000000e+00 9.113337498677832773e+05 1.269694805643194741e+03
2.004992735606089208e-03 4.513131659738738310e-01 1.017269594320549253e-01 0.000000000000000000e+00 5.566369880315044866e-05 4.192330619345940868e-01 7.741216675036447441e+02 2.524307747579574652e+02 0.000000000000000000e+00 1.529931778420817573e+05 7.147798286751499290e+02 1.865807420693115767e-05 2.655650907319743667e-02 0.000000000000000000e+00 0.000000000000000000e+00 0.000000000000000000e+00 1.000000000000000000e+00 9.123396490729941288e+05 1.271096251596493630e+03
2.101040291806810251e-03 4.513131659738738310e-01 1.017269594320549253e-01 0.000000000000000000e+00 5.566369880315044866e-05 4.202914956588230111e-01 7.736736583389364341e+02 2.518134658509585506e+02 0.000000000000000000e+00 1.534725956650047738e+05 7.149968620824046184e+02 1.865807420693115767e-05 2.655650907319743667e-02 0.000000000000000000e+00 0.000000000000000000e+00 0.000000000000000000e+00 1.000000000000000000e+00 9.128937728351522237e+05 1.271868271795018700e+03
2.203090820270127426e-03 4.513131659738738310e-01 1.017269594320549253e-01 0.000000000000000000e+00 5.566369880315044866e-05 4.203647452268998719e-01 7.719602450108834546e+02 2.518316331890129049e+02 0.000000000000000000e+00 1.534889275109398586e+05 7.149726034146619895e+02 1.865807420693115767e-05 2.655650907319743667e-02 0.000000000000000000e+00 0.000000000000000000e+00 0.000000000000000000e+00 1.000000000000000000e+00 9.128318279170349706e+05 1.271781968461272072e+03
2.305141348733407303e-03 4.513131659738738310e-01 1.017269594320549253e-01 0.000000000000000000e+00 5.566369880315044866e-05 4.199584216766501510e-01 7.724430203544334290e+02 2.522396112112595574e+02 0.000000000000000000e+00 1.533230143415942148e+05 7.149316848732036078e+02 1.865807420693115767e-05 2.655650907319743667e-02 0.000000000000000000e+00 0.000000000000000000e+00 0.000000000000000000e+00 1.000000000000000000e+00 9.127273464922101703e+05 1.271636402116993168e+03
2.401188904934071101e-03 4.513131659738738310e-01 1.017269594320549253e-01 0.000000000000000000e+00 5.566369880315044866e-05 4.190245772157482618e-01 7.735593228687428109e+02 2.527892851831620931e+02 0.000000000000000000e+00 1.528528861574115581e+05 7.146297489920369799e+02 1.865807420693115767e-05 2.655650907319743667e-02 0.000000000000000000e+00 0.000000000000000000e+00 0.000000000000000000e+00 1.000000000000000000e+00 9.119565681150390301e+05 1.270562532854565006e+03
2.503239433397247329e-03 4.513131659738738310e-01 1.017269594320549253e-01 0.000000000000000000e+00 5.566369880315044866e-05 4.194432232436858254e-01 7.737206749557374224e+02 2.523702323237772305e+02 0.000000000000000000e+00 1.529934876145932358e+05 7.146014600765861360e+02 1.865807420693115767e-05 2.655650907319743667e-02 0.000000000000000000e+00 0.000000000000000000e+00 0.000000000000000000e+00 1.000000000000000000e+00 9.118843691849799361e+05 1.270461943354305276e+03
2.605289961860502487e-03 4.513131659738738310e-01 1.017269594320549253e-01 0.000000000000000000e+00 5.566369880315044866e-05 4.198773806897293515e-01 7.734989099746968577e+02 2.522018329485618153e+02 0.000000000000000000e+00 1.533313973454464867e+05 7.150202226352940897e+02 1.865807420693115767e-05 2.655650907319743667e-02 0.000000000000000000e+00 0.000000000000000000e+00 0.000000000000000000e+00 1.000000000000000000e+00 9.129534263882599771e+05 1.271951382737118820e+03
2.701337518061258224e-03 4.513131659738738310e-01 1.017269594320549253e-01 0.000000000000000000e+00 5.566369880315044866e-05 4.203189470958570984e-01 7.726379263118586778e+02 2.517410034130163012e+02 0.000000000000000000e+00 1.535024316165128257e+05 7.150430072281947105e+02 1.865807420693115767e-05 2.655650907319743667e-02 0.000000000000000000e+00 0.000000000000000000e+00 0.000000000000000000e+00 1.000000000000000000e+00 9.130116110463216901e+05 1.272032447174949311e+03
2.803388046524568026e-03 4.513131659738738310e-01 1.017269594320549253e-01 0.000000000000000000e+00 5.566369880315044866e-05 4.198390470129743091e-01 7.729883131914529031e+02 2.524202326217533425e+02 0.000000000000000000e+00 1.532207096272951749e+05 7.147947248271201488e+02 1.865807420693115767e-05 2.655650907319743667e-02 0.000000000000000000e+00 0.000000000000000000e+00 0.000000000000000000e+00 1.000000000000000000e+00 9.123776761440688279e+05 1.271149231939451738e+03
2.905438574987792826e-03 4.513131659738738310e-01 1.017269594320549253e-01 0.000000000000000000e+00 5.566369880315044866e-05 4.193132314569508190e-01 7.725554369121185800e+02 2.519782306413896151e+02 0.000000000000000000e+00 1.530042567836929811e+05 7.147373724662271570e+02 1.865807420693115767e-05 2.655650907319743667e-02 0.000000000000000000e+00 0.000000000000000000e+00 0.000000000000000000e+00 1.000000000000000000e+00 9.122312707141542342e+05 1.270945255938444916e+03
3.001486131188441011e-03 4.513131659738738310e-01 1.017269594320549253e-01 0.000000000000000000e+00 5.566369880315044866e-05 4.199108960233234322e-01 7.729946068612862291e+02 2.520156397583085663e+02 0.000000000000000000e+00 1.533616524821498315e+05 7.150622243726151055e+02 1.865807420693115767e-05 2.655650907319743667e-02 0.000000000000000000e+00 0.000000000000000000e+00 0.000000000000000000e+00 1.000000000000000000e+00 9.130606870084145339e+05 1.272100821131428347e+03
3.103536659651758619e-03 4.513131659738738310e-01 1.017269594320549253e-01 0.000000000000000000e+00 5.566369880315044866e-05 4.194943529776269386e-01 7.731700777996840088e+02 2.522412341404651954e+02 0.000000000000000000e+00 1.530031559675410972e+05 7.145804871578076245e+02 1.865807420693115767e-05 2.655650907319743667e-02 0.000000000000000000e+00 0.000000000000000000e+00 0.000000000000000000e+00 1.000000000000000000e+00 9.118308439762316411e+05 1.270387370587162195e+03
3.205587188114990358e-03 4.513131659738738310e-01 1.017269594320549253e-01 0.000000000000000000e+00 5.566369880315044866e-05 4.191832009606448750e-01 7.734180866808795827e+02 2.527107653989406515e+02 0.000000000000000000e+00 1.529928447835487605e+05 7.148215601347654911e+02 1.865807420693115767e-05 2.655650907319743667e-02 0.000000000000000000e+00 0.000000000000000000e+00 0.000000000000000000e+00 1.000000000000000000e+00 9.124461836312504020e+05 1.271244678421747267e+03
3.301634744315649819e-03 4.513131659738738310e-01 1.017269594320549253e-01 0.000000000000000000e+00 5.566369880315044866e-05 4.198020535683044119e-01 7.733582928668421346e+02 2.517890241411093371e+02 0.000000000000000000e+00 1.533010832409050490e+05 7.150136788132415404e+02 1.865807420693115767e-05 2.655650907319743667e-02 0.000000000000000000e+00 0.000000000000000000e+00 0.000000000000000000e+00 1.000000000000000000e+00 9.129367158750810195e+05 1.271928101198619743e+03
3.403685272778970462e-03 4.513131659738738310e-01 1.017269594320549253e-01 0.000000000000000000e+00 5.566369880315044866e-05 4.199380979151424720e-01 7.729200048391286373e+02 2.521302191218495352e+02 0.000000000000000000e+00 1.532504341736234492e+05 7.147797433680335644e+02 1.865807420693115767e-05 2.655650907319743667e-02 0.000000000000000000e+00 0.000000000000000000e+00 0.000000000000000000e+00 1.000000000000000000e+00 9.123394313022714341e+05 1.271095948192438300e+03
3.505735801242216513e-03 4.513131659738738310e-01 1.017269594320549253e-01 0.000000000000000000e+00 5.566369880315044866e-05 4.190047636440327739e-01 7.725697495132155836e+02 2.523562660193368288e+02 0.000000000000000000e+00 1.529020586382038891e+05 7.147615862058095217e+02 1.865807420693115767e-05 2.655650907319743667e-02 0.000000000000000000e+00 0.000000000000000000e+00 0.000000000000000000e+00 1.000000000000000000e+00 9.122930805632945849e+05 1.271031371090443372e+03
3.601783357442867300e-03 4.513131659738738310e-01 1.017269594320549253e-01 0.000000000000000000e+00 5.566369880315044866e-05 4.196932930117380223e-01 7.735246275167945669e+02 2.520235136512926886e+02 0.000000000000000000e+00 1.532475728938283573e+05 7.149815019559587199e+02 1.865807420693115767e-05 2.655650907319743667e-02 0.000000000000000000e+00 0.000000000000000000e+00 0.000000000000000000e+00 1.000000000000000000e+00 9.128545502485688776e+05 1.271813625827549686e+03
3.703833885906181872e-03 4.513131659738738310e-01 1.017269594320549253e-01 0.000000000000000000e+00 5.566369880315044866e-05 4.197825132247228197e-01 7.728786463528090280e+02 2.522248253928016481e+02 0.000000000000000000e+00 1.531609159740770410e+05 7.147033597144672967e+02 1.865807420693115767e-05 2.655650907319743667e-02 0.000000000000000000e+00 0.000000000000000000e+00 0.000000000000000000e+00 1.000000000000000000e+00 9.121444506913344376e+05 1.270824295936671660e+03
3.805884414369407973e-03 4.513131659738738310e-01 1.017269594320549253e-01 0.000000000000000000e+00 5.566369880315044866e-05 4.192815606161051090e-01 7.727156532713480601e+02 2.522086317202807777e+02 0.000000000000000000e+00 1.530813628632865730e+05 7.149444452437473956e+02 1.865807420693115767e-05 2.655650907319743667e-02 0.000000000000000000e+00 0.000000000000000000e+00 0.000000000000000000e+00 1.000000000000000000e+00 9.127599281873030122e+05 1.271681795814992938e+03
3.901931970570084781e-03 4.513131659738738310e-01 1.017269594320549253e-01 0.000000000000000000e+00 5.566369880315044866e-05 4.200291492073540689e-01 7.740721742182237222e+02 2.519429727852227074e+02 0.000000000000000000e+00 1.533714075113286090e+05 7.149842978076736699e+02 1.865807420693115767e-05 2.655650907319743667e-02 0.000000000000000000e+00 0.000000000000000000e+00 0.000000000000000000e+00 1.000000000000000000e+00 9.128616894848790253e+05 1.271823572404487550e+03
4.003982499033391547e-03 4.513131659738738310e-01 1.017269594320549253e-01 0.000000000000000000e+00 5.566369880315044866e-05 4.195186881250874134e-01 7.726565121693629408e+02 2.523716764297572297e+02 0.000000000000000000e+00 1.530734021612560027e+05 7.147237754929240054e+02 1.865807420693115767e-05 2.655650907319743667e-02 0.000000000000000000e+00 0.000000000000000000e+00 0.000000000000000000e+00 1.000000000000000000e+00 9.121965629551067250e+05 1.270896900150694819e+03
4.100030055234052742e-03 4.513131659738738310e-01 1.017269594320549253e-01 0.000000000000000000e+00 5.566369880315044866e-05 4.191447077142088640e-01 7.727209608602789785e+02 2.522316745946759795e+02 0.000000000000000000e+00 1.530354020217555226e+05 7.149537999147091796e+02 1.865807420693115767e-05 2.655650907319743667e-02 0.000000000000000000e+00 0.000000000000000000e+00 0.000000000000000000e+00 1.000000000000000000e+00 9.127838143080035225e+05 1.271715074603784387e+03
4.202080583697311369e-03 4.513131659738738310e-01 1.017269594320549253e-01 0.000000000000000000e+00 5.566369880315044866e-05 4.202344819194545611e-01 7.736397424573963235e+02 2.519967124892147581e+02 0.000000000000000000e+00 1.533883711479273625e+05 7.148491302207703484e+02 1.865807420693115767e-05 2.655650907319743667e-02 0.000000000000000000e+00 0.000000000000000000e+00 0.000000000000000000e+00 1.000000000000000000e+00 9.125165696024855133e+05 1.271342742058785234e+03
4.304131112160584742e-03 4.513131659738738310e-01 1.017269594320549253e-01 0.000000000000000000e+00 5.566369880315044866e-05 4.191866117527801028e-01 7.723519256281377920e+02 2.523688404245378933e+02 0.000000000000000000e+00 1.529682685724051844e+05 7.147612367545583538e+02 1.865807420693115767e-05 2.655650907319743667e-02 0.000000000000000000e+00 0.000000000000000000e+00 0.000000000000000000e+00 1.000000000000000000e+00 9.122921885123320390e+05 1.271030128260938000e+03
4.400178668361237264e-03 4.513131659738738310e-01 1.017269594320549253e-01 0.000000000000000000e+00 5.566369880315044866e-05 4.193594930829765977e-01 7.735437042965098726e+02 2.521657915982679015e+02 0.000000000000000000e+00 1.531108585507360694e+05 7.149468785898768601e+02 1.865807420693115767e-05 2.655650907319743667e-02 0.000000000000000000e+00 0.000000000000000000e+00 0.000000000000000000e+00 1.000000000000000000e+00 9.127661414382288931e+05 1.271690452284072308e+03
4.502229196824537524e-03 4.513131659738738310e-01 1.017269594320549253e-01 0.000000000000000000e+00 5.566369880315044866e-05 4.199170502766437219e-01 7.729938497235787054e+02 2.521568113109367175e+02 0.000000000000000000e+00 1.532317385426734400e+05 7.147540548753860321e+02 1.865807420693115767e-05 2.655650907319743667e-02 0.000000000000000000e+00 0.000000000000000000e+00 0.000000000000000000e+00 1.000000000000000000e+00 9.122738552871543216e+05 1.271004585916234873e+03
4.604279725287757988e-03 4.513131659738738310e-01 1.017269594320549253e-01 0.000000000000000000e+00 5.566369880315044866e-05 4.192978576130876323e-01 7.725590529862778340e+02 2.522483606573382815e+02 0.000000000000000000e+00 1.531034910244772327e+05 7.149822214330246197e+02 1.865807420693115767e-05 2.655650907319743667e-02 0.000000000000000000e+00 0.000000000000000000e+00 0.000000000000000000e+00 1.000000000000000000e+00 9.128563874380406924e+05 1.271816185449564728e+03
4.700327281488439132e-03 4.513131659738738310e-01 1.017269594320549253e-01 0.000000000000000000e+00 5.566369880315044866e-05 4.200414241680018868e-01 7.739513918475729497e+02 2.518730527283577487e+02 0.000000000000000000e+00 1.533635871096824412e+05 7.149556221858678100e+02 1.865807420693115767e-05 2.655650907319743667e-02 0.000000000000000000e+00 0.000000000000000000e+00 0.000000000000000000e+00 1.000000000000000000e+00 9.127884673128237482e+05 1.271721557295829598e+03
4.802377809951746332e-03 4.513131659738738310e-01 1.017269594320549253e-01 0.000000000000000000e+00 5.566369880315044866e-05 4.194618027707389118e-01 7.724318232449001016e+02 2.523600236052338914e+02 0.000000000000000000e+00 1.530442703251508065e+05 7.147042191093446490e+02 1.865807420693115767e-05 2.655650907319743667e-02 0.000000000000000000e+00 0.000000000000000000e+00 0.000000000000000000e+00 1.000000000000000000e+00 9.121466443083896302e+05 1.270827352143227017e+03
4.904428338414938172e-03 4.513131659738738310e-01 1.017269594320549253e-01 0.000000000000000000e+00 5.566369880315044866e-05 4.191028941430875454e-01 7.730559081960007006e+02 2.523254383832463361e+02 0.000000000000000000e+00 1.530056558309609245e+05 7.149199729559928755e+02 1.865807420693115767e-05 2.655650907319743667e-02 0.000000000000000000e+00 0.000000000000000000e+00 0.000000000000000000e+00 1.000000000000000000e+00 9.126974423774956958e+05 1.271594738896327954e+03
5.000475894615665287e-03 4.513131659738738310e-01 1.017269594320549253e-01 0.000000000000000000e+00 5.566369880315044866e-05 4.200516975590267155e-01 7.733341143593396509e+02 2.520525946563232367e+02 0.000000000000000000e+00 1.533000436839142058e+05 7.147987511457487244e+02 1.865807420693115767e-05 2.655650907319743667e-02 0.000000000000000000e+00 0.000000000000000000e+00 0.000000000000000000e+00 1.000000000000000000e+00 9.123879547134321183e+05 1.271163552320027975e+03
