# 1:t 2:pos.x 3:pos.y 4:pos.z 5:volume 6:rho 7:vel.x 8:vel.y 9:vel.z 10:p 11:a 12:mu 13:k 14:mu_t 15:k_t 16:S 17:massf[0]-air 18:u 19:T 
1.020505284752643910e-04 7.451089848545051630e-01 2.089177898537535605e-01 0.000000000000000000e+00 1.172964433617941331e-04 6.822916867778831829e-02 2.531600813962107115e-14 8.306035518145530705e-14 0.000000000000000000e+00 5.954999999999998181e+03 3.495584950140163301e+02 1.865807420693115767e-05 2.655650907319743667e-02 0.000000000000000000e+00 0.000000000000000000e+00 0.000000000000000000e+00 1.000000000000000000e+00 2.181984668508287286e+05 3.039999999999999432e+02
2.041010569505100796e-04 7.451089848545051630e-01 2.089177898537535605e-01 0.000000000000000000e+00 1.172964433617941331e-04 6.822916867771826321e-02 -2.304789367354310007e-10 -2.717561979180677761e-11 0.000000000000000000e+00 5.954999999991438926e+03 3.495584950139445368e+02 1.865807420693115767e-05 2.655650907319743667e-02 0.000000000000000000e+00 0.000000000000000000e+00 0.000000000000000000e+00 1.000000000000000000e+00 2.181984668507391470e+05 3.039999999998751150e+02
3.001486131624034738e-04 7.451089848545051630e-01 2.089177898537535605e-01 0.000000000000000000e+00 1.172964433617941331e-04 6.822959710930751043e-02 2.704617237324201829e-03 5.191808718158464567e-04 0.000000000000000000e+00 5.955052351356460349e+03 3.495589340316883522e+02 1.865807420693115767e-05 2.655650907319743667e-02 0.000000000000000000e+00 0.000000000000000000e+00 0.000000000000000000e+00 1.000000000000000000e+00 2.181990149310183187e+05 3.040007636001298579e+02
4.021991416365935153e-04 7.451089848545051630e-01 2.089177898537535605e-01 0.000000000000000000e+00 1.172964433617941331e-04 2.331368083367654498e-01 9.073430629634580100e+02 3.054742977956104824e+02 0.000000000000000000e+00 7.928189428319022409e+04 6.899944597442049599e+02 1.865807420693115767e-05 2.655650907319743667e-02 0.000000000000000000e+00 0.000000000000000000e+00 1.000000000000000000e+00 1.000000000000000000e+00 8.501649187101738062e+05 1.184472737219469536e+03
5.042496701033047845e-04 7.451089848545051630e-01 2.089177898537535605e-01 0.000000000000000000e+00 1.172964433617941331e-04 3.664772544270998300e-01 1.011429713908849862e+03 3.263916252339936932e+02 0.000000000000000000e+00 1.369441017449920764e+05 7.232895177127336410e+02 1.865807420693115767e-05 2.655650907319743667e-02 0.000000000000000000e+00 0.000000000000000000e+00 0.000000000000000000e+00 1.000000000000000000e+00 9.341923686305695446e+05 1.301542050970714399e+03
6.002972262867727017e-04 7.451089848545051630e-01 2.089177898537535605e-01 0.000000000000000000e+00 1.172964433617941331e-04 3.762769685217099980e-01 9.051909307612190787e+02 3.059139998559774085e+02 0.000000000000000000e+00 1.377776254247776524e+05 7.159777848372294784e+02 1.865807420693115767e-05 2.655650907319743667e-02 0.000000000000000000e+00 0.000000000000000000e+00 0.000000000000000000e+00 1.000000000000000000e+00 9.154003363936181413e+05 1.275360483875017280e+03
7.023477547126981283e-04 7.451089848545051630e-01 2.089177898537535605e-01 0.000000000000000000e+00 1.172964433617941331e-04 3.898217811143669387e-01 8.736816552319909306e+02 2.993261342355602324e+02 0.000000000000000000e+00 1.385847919123389001e+05 7.054865755541991348e+02 1.865807420693115767e-05 2.655650907319743667e-02 0.000000000000000000e+00 0.000000000000000000e+00 0.000000000000000000e+00 1.000000000000000000e+00 8.887701933699834626e+05 1.238258649036189354e+03
8.043982831339970474e-04 7.451089848545051630e-01 2.089177898537535605e-01 0.000000000000000000e+00 1.172964433617941331e-04 3.943872677363776114e-01 8.585353217552349179e+02 2.940360541369695397e+02 0.000000000000000000e+00 1.395752491582814837e+05 7.038932179848787882e+02 1.865807420693115767e-05 2.655650907319743667e-02 0.000000000000000000e+00 0.000000000000000000e+00 0.000000000000000000e+00 1.000000000000000000e+00 8.847601112948360387e+05 1.232671694331882236e+03
9.004458393013708506e-04 7.451089848545051630e-01 2.089177898537535605e-01 0.000000000000000000e+00 1.172964433617941331e-04 3.963081386251423033e-01 8.430111330054280643e+02 2.892012859660901540e+02 0.000000000000000000e+00 1.407034314712876221e+05 7.050174506717288523e+02 1.865807420693115767e-05 2.655650907319743667e-02 0.000000000000000000e+00 0.000000000000000000e+00 0.000000000000000000e+00 1.000000000000000000e+00 8.875885816993995104e+05 1.236612395728171805e+03
1.002496367761118940e-03 7.451089848545051630e-01 2.089177898537535605e-01 0.000000000000000000e+00 1.172964433617941331e-04 3.983489576832539569e-01 8.335462704540522054e+02 2.865872006534431762e+02 0.000000000000000000e+00 1.417255638749843929e+05 7.057587513326645876e+02 1.865807420693115767e-05 2.655650907319743667e-02 0.000000000000000000e+00 0.000000000000000000e+00 0.000000000000000000e+00 1.000000000000000000e+00 8.894560983618606115e+05 1.239214270404845365e+03
1.104546896224802141e-03 7.451089848545051630e-01 2.089177898537535605e-01 0.000000000000000000e+00 1.172964433617941331e-04 4.002090075446789741e-01 8.247789088507277029e+02 2.834966124257268802e+02 0.000000000000000000e+00 1.427446106508433586e+05 7.066436301149346946e+02 1.865807420693115767e-05 2.655650907319743667e-02 0.000000000000000000e+00 0.000000000000000000e+00 0.000000000000000000e+00 1.000000000000000000e+00 8.916878928250226891e+05 1.242323666756677312e+03
1.200594452425388743e-03 7.451089848545051630e-01 2.089177898537535605e-01 0.000000000000000000e+00 1.172964433617941331e-04 4.020229197286584455e-01 8.188380035069030782e+02 2.818936977164982522e+02 0.000000000000000000e+00 1.436363790443286125e+05 7.072465463197025883e+02 1.865807420693115767e-05 2.655650907319743667e-02 0.000000000000000000e+00 0.000000000000000000e+00 0.000000000000000000e+00 1.000000000000000000e+00 8.932101380020488286e+05 1.244444499870194477e+03
1.302644980888582752e-03 7.451089848545051630e-01 2.089177898537535605e-01 0.000000000000000000e+00 1.172964433617941331e-04 4.037771019187774701e-01 8.136399459255070497e+02 2.801541802434069268e+02 0.000000000000000000e+00 1.445191702536525263e+05 7.078739073272698761e+02 1.865807420693115767e-05 2.655650907319743667e-02 0.000000000000000000e+00 0.000000000000000000e+00 0.000000000000000000e+00 1.000000000000000000e+00 8.947954797763862880e+05 1.246653240868031617e+03
1.404695509351796276e-03 7.451089848545051630e-01 2.089177898537535605e-01 0.000000000000000000e+00 1.172964433617941331e-04 4.053182044201584233e-01 8.090350608770064582e+02 2.786680510054260367e+02 0.000000000000000000e+00 1.452815549990989093e+05 7.083880113122327202e+02 1.865807420693115767e-05 2.655650907319743667e-02 0.000000000000000000e+00 0.000000000000000000e+00 0.000000000000000000e+00 1.000000000000000000e+00 8.960956688766072039e+05 1.248464699455123082e+03
1.500743065552515151e-03 7.451089848545051630e-01 2.089177898537535605e-01 0.000000000000000000e+00 1.172964433617941331e-04 4.068998744415980862e-01 8.050566712472216295e+02 2.773396450253914622e+02 0.000000000000000000e+00 1.460750269439510885e+05 7.089379538639982457e+02 1.865807420693115767e-05 2.655650907319743667e-02 0.000000000000000000e+00 0.000000000000000000e+00 0.000000000000000000e+00 1.000000000000000000e+00 8.974875400515581714e+05 1.250403891986087956e+03
1.602793594015688777e-03 7.451089848545051630e-01 2.089177898537535605e-01 0.000000000000000000e+00 1.172964433617941331e-04 4.085894074331195003e-01 8.015269210274465195e+02 2.761131630476006649e+02 0.000000000000000000e+00 1.469276603282422002e+05 7.095324257536485675e+02 1.865807420693115767e-05 2.655650907319743667e-02 0.000000000000000000e+00 0.000000000000000000e+00 0.000000000000000000e+00 1.000000000000000000e+00 8.989933271354585886e+05 1.252501795239545118e+03
1.704844122478883653e-03 7.451089848545051630e-01 2.089177898537535605e-01 0.000000000000000000e+00 1.172964433617941331e-04 4.097536734567452932e-01 7.976405158680898921e+02 2.747384722016560659e+02 0.000000000000000000e+00 1.475054672593883879e+05 7.099154841712469306e+02 1.865807420693115767e-05 2.655650907319743667e-02 0.000000000000000000e+00 0.000000000000000000e+00 0.000000000000000000e+00 1.000000000000000000e+00 8.999642761894571595e+05 1.253854547697780163e+03
1.800891678679650233e-03 7.451089848545051630e-01 2.089177898537535605e-01 0.000000000000000000e+00 1.172964433617941331e-04 4.112753795546508218e-01 7.942628495331580325e+02 2.737206644942582443e+02 0.000000000000000000e+00 1.482794939524295041e+05 7.104576738009101291e+02 1.865807420693115767e-05 2.655650907319743667e-02 0.000000000000000000e+00 0.000000000000000000e+00 0.000000000000000000e+00 1.000000000000000000e+00 9.013394754689293914e+05 1.255770512493469369e+03
1.902942207142908860e-03 7.451089848545051630e-01 2.089177898537535605e-01 0.000000000000000000e+00 1.172964433617941331e-04 4.125970498804730213e-01 7.915606393556197418e+02 2.728753124227827698e+02 0.000000000000000000e+00 1.489441101056941261e+05 7.109067300477508979e+02 1.865807420693115767e-05 2.655650907319743667e-02 0.000000000000000000e+00 0.000000000000000000e+00 0.000000000000000000e+00 1.000000000000000000e+00 9.024792479056890588e+05 1.257358474250376730e+03
2.004992735606089208e-03 7.451089848545051630e-01 2.089177898537535605e-01 0.000000000000000000e+00 1.172964433617941331e-04 4.137804019891961338e-01 7.888880031573859242e+02 2.719587987519149124e+02 0.000000000000000000e+00 1.495591878603488440e+05 7.113537222100090958e+02 1.865807420693115767e-05 2.655650907319743667e-02 0.000000000000000000e+00 0.000000000000000000e+00 0.000000000000000000e+00 1.000000000000000000e+00 9.036144966107762884e+05 1.258940133422081544e+03
2.101040291806810251e-03 7.451089848545051630e-01 2.089177898537535605e-01 0.000000000000000000e+00 1.172964433617941331e-04 4.146119586702762816e-01 7.867862136812465224e+02 2.714012493591126258e+02 0.000000000000000000e+00 1.499920694770756527e+05 7.116676984709353064e+02 1.865807420693115767e-05 2.655650907319743667e-02 0.000000000000000000e+00 0.000000000000000000e+00 0.000000000000000000e+00 1.000000000000000000e+00 9.044123447266395669e+05 1.260051716975912086e+03
2.203090820270127426e-03 7.451089848545051630e-01 2.089177898537535605e-01 0.000000000000000000e+00 1.172964433617941331e-04 4.158035123831811952e-01 7.843079624348031302e+02 2.704513669254853312e+02 0.000000000000000000e+00 1.505694470624730166e+05 7.120137307377108300e+02 1.865807420693115767e-05 2.655650907319743667e-02 0.000000000000000000e+00 0.000000000000000000e+00 0.000000000000000000e+00 1.000000000000000000e+00 9.052920584982738364e+05 1.261277357973470771e+03
2.305141348733407303e-03 7.451089848545051630e-01 2.089177898537535605e-01 0.000000000000000000e+00 1.172964433617941331e-04 4.168384400617938246e-01 7.826659117240122896e+02 2.700227419210241919e+02 0.000000000000000000e+00 1.511085652207850653e+05 7.124012582350360390e+02 1.865807420693115767e-05 2.655650907319743667e-02 0.000000000000000000e+00 0.000000000000000000e+00 0.000000000000000000e+00 1.000000000000000000e+00 9.062777727408257779e+05 1.262650681691371346e+03
2.401188904934071101e-03 7.451089848545051630e-01 2.089177898537535605e-01 0.000000000000000000e+00 1.172964433617941331e-04 4.171875136792958516e-01 7.811107032881953955e+02 2.697285305001595930e+02 0.000000000000000000e+00 1.512821255285737861e+05 7.125119882795884223e+02 1.865807420693115767e-05 2.655650907319743667e-02 0.000000000000000000e+00 0.000000000000000000e+00 0.000000000000000000e+00 1.000000000000000000e+00 9.065595240038079210e+05 1.263043225164213936e+03
2.503239433397247329e-03 7.451089848545051630e-01 2.089177898537535605e-01 0.000000000000000000e+00 1.172964433617941331e-04 4.180376191698335631e-01 7.799092050814240338e+02 2.689863552381047498e+02 0.000000000000000000e+00 1.517164579018992081e+05 7.128081922745959673e+02 1.865807420693115767e-05 2.655650907319743667e-02 0.000000000000000000e+00 0.000000000000000000e+00 0.000000000000000000e+00 1.000000000000000000e+00 9.073134267388882581e+05 1.264093582826081047e+03
2.605289961860502487e-03 7.451089848545051630e-01 2.089177898537535605e-01 0.000000000000000000e+00 1.172964433617941331e-04 4.189876708756178347e-01 7.780683365856577893e+02 2.684367183855179064e+02 0.000000000000000000e+00 1.521964779235002934e+05 7.131250581318790864e+02 1.865807420693115767e-05 2.655650907319743667e-02 0.000000000000000000e+00 0.000000000000000000e+00 0.000000000000000000e+00 1.000000000000000000e+00 9.081202652421357343e+05 1.265217692030546459e+03
2.701337518061258224e-03 7.451089848545051630e-01 2.089177898537535605e-01 0.000000000000000000e+00 1.172964433617941331e-04 4.195799953882787259e-01 7.768432307396325314e+02 2.681343832436005528e+02 0.000000000000000000e+00 1.525101113202335546e+05 7.133553947654404510e+02 1.865807420693115767e-05 2.655650907319743667e-02 0.000000000000000000e+00 0.000000000000000000e+00 0.000000000000000000e+00 1.000000000000000000e+00 9.087069986445667455e+05 1.266035144861051322e+03
2.803388046524568026e-03 7.451089848545051630e-01 2.089177898537535605e-01 0.000000000000000000e+00 1.172964433617941331e-04 4.201057172980078303e-01 7.759952249999754486e+02 2.679651282168707667e+02 0.000000000000000000e+00 1.527502122382163070e+05 7.134698626797446650e+02 1.865807420693115767e-05 2.655650907319743667e-02 0.000000000000000000e+00 0.000000000000000000e+00 0.000000000000000000e+00 1.000000000000000000e+00 9.089986517004531343e+05 1.266441483779326290e+03
2.905438574987792826e-03 7.451089848545051630e-01 2.089177898537535605e-01 0.000000000000000000e+00 1.172964433617941331e-04 4.202786883457911848e-01 7.753576850074169897e+02 2.677091144537657215e+02 0.000000000000000000e+00 1.528534437539262581e+05 7.135640267290583552e+02 1.865807420693115767e-05 2.655650907319743667e-02 0.000000000000000000e+00 0.000000000000000000e+00 0.000000000000000000e+00 1.000000000000000000e+00 9.092386075746219140e+05 1.266775796787112995e+03
3.001486131188441011e-03 7.451089848545051630e-01 2.089177898537535605e-01 0.000000000000000000e+00 1.172964433617941331e-04 4.208429471181757697e-01 7.745753334815846074e+02 2.674454986819561668e+02 0.000000000000000000e+00 1.531403836590118008e+05 7.137544954800240475e+02 1.865807420693115767e-05 2.655650907319743667e-02 0.000000000000000000e+00 0.000000000000000000e+00 0.000000000000000000e+00 1.000000000000000000e+00 9.097240711034707492e+05 1.267452157693310028e+03
3.103536659651758619e-03 7.451089848545051630e-01 2.089177898537535605e-01 0.000000000000000000e+00 1.172964433617941331e-04 4.210311667819247594e-01 7.741218771854281613e+02 2.672835284781885434e+02 0.000000000000000000e+00 1.532473608151754888e+05 7.138441371902675883e+02 1.865807420693115767e-05 2.655650907319743667e-02 0.000000000000000000e+00 0.000000000000000000e+00 0.000000000000000000e+00 1.000000000000000000e+00 9.099525932159242220e+05 1.267770540875320876e+03
3.205587188114990358e-03 7.451089848545051630e-01 2.089177898537535605e-01 0.000000000000000000e+00 1.172964433617941331e-04 4.215297371594460829e-01 7.733484003582201467e+02 2.670017090900216772e+02 0.000000000000000000e+00 1.534801816396870126e+05 7.139635844340303947e+02 1.865807420693115767e-05 2.655650907319743667e-02 0.000000000000000000e+00 0.000000000000000000e+00 0.000000000000000000e+00 1.000000000000000000e+00 9.102571426748016383e+05 1.268194847410719376e+03
3.301634744315649819e-03 7.451089848545051630e-01 2.089177898537535605e-01 0.000000000000000000e+00 1.172964433617941331e-04 4.216273017969521253e-01 7.728024452766346712e+02 2.669886828043985361e+02 0.000000000000000000e+00 1.535475466142175137e+05 7.140376238601326122e+02 1.865807420693115767e-05 2.655650907319743667e-02 0.000000000000000000e+00 0.000000000000000000e+00 0.000000000000000000e+00 1.000000000000000000e+00 9.104459433711147867e+05 1.268457889642443433e+03
3.403685272778970462e-03 7.451089848545051630e-01 2.089177898537535605e-01 0.000000000000000000e+00 1.172964433617941331e-04 4.219556553056184600e-01 7.726286507142602886e+02 2.667432880824313202e+02 0.000000000000000000e+00 1.536971675719413906e+05 7.141074171311935288e+02 1.865807420693115767e-05 2.655650907319743667e-02 0.000000000000000000e+00 0.000000000000000000e+00 0.000000000000000000e+00 1.000000000000000000e+00 9.106239342889006948e+05 1.268705871398630052e+03
3.505735801242216513e-03 7.451089848545051630e-01 2.089177898537535605e-01 0.000000000000000000e+00 1.172964433617941331e-04 4.218979654310877625e-01 7.722266642943594661e+02 2.667960257600026353e+02 0.000000000000000000e+00 1.536734396135690331e+05 7.141011103143915761e+02 1.865807420693115767e-05 2.655650907319743667e-02 0.000000000000000000e+00 0.000000000000000000e+00 0.000000000000000000e+00 1.000000000000000000e+00 9.106078495575836860e+05 1.268683461716330612e+03
3.601783357442867300e-03 7.451089848545051630e-01 2.089177898537535605e-01 0.000000000000000000e+00 1.172964433617941331e-04 4.220593090048702090e-01 7.720846033049361949e+02 2.668175056429234360e+02 0.000000000000000000e+00 1.537674751429023745e+05 7.141830155019088124e+02 1.865807420693115767e-05 2.655650907319743667e-02 0.000000000000000000e+00 0.000000000000000000e+00 0.000000000000000000e+00 1.000000000000000000e+00 9.108167493417853257e+05 1.268974506540402217e+03
3.703833885906181872e-03 7.451089848545051630e-01 2.089177898537535605e-01 0.000000000000000000e+00 1.172964433617941331e-04 4.223542646553561375e-01 7.719860544691553059e+02 2.666300870650467800e+02 0.000000000000000000e+00 1.538954745598144655e+05 7.142306784205335362e+02 1.865807420693115767e-05 2.655650907319743667e-02 0.000000000000000000e+00 0.000000000000000000e+00 0.000000000000000000e+00 1.000000000000000000e+00 9.109383249947421718e+05 1.269143889025221142e+03
3.805884414369407973e-03 7.451089848545051630e-01 2.089177898537535605e-01 0.000000000000000000e+00 1.172964433617941331e-04 4.222977245795715429e-01 7.716657100337629345e+02 2.663574773705078655e+02 0.000000000000000000e+00 1.538821676694742055e+05 7.142476083867354646e+02 1.865807420693115767e-05 2.655650907319743667e-02 0.000000000000000000e+00 0.000000000000000000e+00 0.000000000000000000e+00 1.000000000000000000e+00 9.109815108681633137e+05 1.269204056751005282e+03
3.901931970570084781e-03 7.451089848545051630e-01 2.089177898537535605e-01 0.000000000000000000e+00 1.172964433617941331e-04 4.224250471477699609e-01 7.714443939300899729e+02 2.665528093271238390e+02 0.000000000000000000e+00 1.539564123120661825e+05 7.143122174278382772e+02 1.865807420693115767e-05 2.655650907319743667e-02 0.000000000000000000e+00 0.000000000000000000e+00 0.000000000000000000e+00 1.000000000000000000e+00 9.111463285119202919e+05 1.269433685145857453e+03
4.003982499033391547e-03 7.451089848545051630e-01 2.089177898537535605e-01 0.000000000000000000e+00 1.172964433617941331e-04 4.226293701969330852e-01 7.715470092795098935e+02 2.666834870214086664e+02 0.000000000000000000e+00 1.540408614951314521e+05 7.143353624002602373e+02 1.865807420693115767e-05 2.655650907319743667e-02 0.000000000000000000e+00 0.000000000000000000e+00 0.000000000000000000e+00 1.000000000000000000e+00 9.112053749562699813e+05 1.269515950247630826e+03
4.100030055234052742e-03 7.451089848545051630e-01 2.089177898537535605e-01 0.000000000000000000e+00 1.172964433617941331e-04 4.226498246482803256e-01 7.712869022507716181e+02 2.662187065793127090e+02 0.000000000000000000e+00 1.540480884064601269e+05 7.143348329118550737e+02 1.865807420693115767e-05 2.655650907319743667e-02 0.000000000000000000e+00 0.000000000000000000e+00 0.000000000000000000e+00 1.000000000000000000e+00 9.112040241271570558e+05 1.269514068236009734e+03
4.202080583697311369e-03 7.451089848545051630e-01 2.089177898537535605e-01 0.000000000000000000e+00 1.172964433617941331e-04 4.226259286403208915e-01 7.711415123024207787e+02 2.663280198506762417e+02 0.000000000000000000e+00 1.540543083381624892e+05 7.143694489491039121e+02 1.865807420693115767e-05 2.655650907319743667e-02 0.000000000000000000e+00 0.000000000000000000e+00 0.000000000000000000e+00 1.000000000000000000e+00 9.112923385568684898e+05 1.269637110285845210e+03
4.304131112160584742e-03 7.451089848545051630e-01 2.089177898537535605e-01 0.000000000000000000e+00 1.172964433617941331e-04 4.224369733345222921e-01 7.712360828060792528e+02 2.665795069627467342e+02 0.000000000000000000e+00 1.539540050194736687e+05 7.142965496651517014e+02 1.865807420693115767e-05 2.655650907319743667e-02 0.000000000000000000e+00 0.000000000000000000e+00 0.000000000000000000e+00 1.000000000000000000e+00 9.111063586848939303e+05 1.269377998102811716e+03
4.400178668361237264e-03 7.451089848545051630e-01 2.089177898537535605e-01 0.000000000000000000e+00 1.172964433617941331e-04 4.227237442923992283e-01 7.710658147363685657e+02 2.663547555178578250e+02 0.000000000000000000e+00 1.540919679128843709e+05 7.143740945223839844e+02 1.865807420693115767e-05 2.655650907319743667e-02 0.000000000000000000e+00 0.000000000000000000e+00 0.000000000000000000e+00 1.000000000000000000e+00 9.113041909369213972e+05 1.269653623342000401e+03
4.502229196824537524e-03 7.451089848545051630e-01 2.089177898537535605e-01 0.000000000000000000e+00 1.172964433617941331e-04 4.227829175627135228e-01 7.710936666898801377e+02 2.664154727998243288e+02 0.000000000000000000e+00 1.541260071857366711e+05 7.144029939576166726e+02 1.865807420693115767e-05 2.655650907319743667e-02 0.000000000000000000e+00 0.000000000000000000e+00 0.000000000000000000e+00 1.000000000000000000e+00 9.113779245992974611e+05 1.269756351072794359e+03
4.604279725287757988e-03 7.451089848545051630e-01 2.089177898537535605e-01 0.000000000000000000e+00 1.172964433617941331e-04 4.226818547243684776e-01 7.711687482485403962e+02 2.662090731622516273e+02 0.000000000000000000e+00 1.540705551115912385e+05 7.143598530830116715e+02 1.865807420693115767e-05 2.655650907319743667e-02 0.000000000000000000e+00 0.000000000000000000e+00 0.000000000000000000e+00 1.000000000000000000e+00 9.112678566013965756e+05 1.269603001363949943e+03
4.700327281488439132e-03 7.451089848545051630e-01 2.089177898537535605e-01 0.000000000000000000e+00 1.172964433617941331e-04 4.227913744233294802e-01 7.710239245230638971e+02 2.663437668992986005e+02 0.000000000000000000e+00 1.541291703904019669e+05 7.144031799320576965e+02 1.865807420693115767e-05 2.655650907319743667e-02 0.000000000000000000e+00 0.000000000000000000e+00 0.000000000000000000e+00 1.000000000000000000e+00 9.113783991018502275e+05 1.269757012162572437e+03
4.802377809951746332e-03 7.451089848545051630e-01 2.089177898537535605e-01 0.000000000000000000e+00 1.172964433617941331e-04 4.226529962913714300e-01 7.710875233703611684e+02 2.666084755912222590e+02 0.000000000000000000e+00 1.540685349811345513e+05 7.143795572275726045e+02 1.865807420693115767e-05 2.655650907319743667e-02 0.000000000000000000e+00 0.000000000000000000e+00 0.000000000000000000e+00 1.000000000000000000e+00 9.113181281868976075e+05 1.269673041095268445e+03
4.904428338414938172e-03 7.451089848545051630e-01 2.089177898537535605e-01 0.000000000000000000e+00 1.172964433617941331e-04 4.227922235708447274e-01 7.708787150167349864e+02 2.662242234138192885e+02 0.000000000000000000e+00 1.541260601832048560e+05 7.143952544378591938e+02 1.865807420693115767e-05 2.655650907319743667e-02 0.000000000000000000e+00 0.000000000000000000e+00 0.000000000000000000e+00 1.000000000000000000e+00 9.113581777916671708e+05 1.269728839286821540e+03
5.000475894615665287e-03 7.451089848545051630e-01 2.089177898537535605e-01 0.000000000000000000e+00 1.172964433617941331e-04 4.227916311369636082e-01 7.708562736870387653e+02 2.662709081278330814e+02 0.000000000000000000e+00 1.541322710282839835e+05 7.144101488793892258e+02 1.865807420693115767e-05 2.655650907319743667e-02 0.000000000000000000e+00 0.000000000000000000e+00 0.000000000000000000e+00 1.000000000000000000e+00 9.113961800390554126e+05 1.269781785044749086e+03
